10100111110010000001001011000001101001010010000000111111111000111001001110000001010100100110110010111000101110010011011110100100010100011110101001001000101000101010100001101010100110100011100001011000111101001101010010100100010001111011101000100001011001111001010100111100100001110111001010110000111010001000001010111111110010011100001101011010010101100011111011001111100001000100101111110100100000100111001011010100010000010010010010100010010011000010001010101000001000110101110000000000001000000111
10000010111110101111010100010100110011000010011110100100000001001010001100101010110001011100011101001100101000010010001000101101011100101010000100110100101101111101001000111011110110101101111100101101101010011011011111101011001010101000101000110110100111011001010100101001111001011001001010001010111100101000011101101110110011011000001011111001101101001010010001101000001000000111100101101000011000111000110001010010100010011101100110011011111011110010101001110001001100010001100001100110010101100100
00011111110100000000001001011000101100001001101001011100011111011011011000100111011110000111000100100110111011011111101000000010110101101010010000101011011001100010111100101111111101100101111010101100101000101101001111110101001110011000001101111011000000101101011001011001100111001001010110001000110110011000100010101000111011101100011110011011100001100111110101101110111010000011011010001011100001101110000010110001010110100100111101110011000110000100110101001111011101101100110100110011001111000110
11000010000000100000001000101101101011100100101100011101001111101110111100001010110100010000001010100100110100111101110000100111011111001000100111010010101010100111011000100000100110101111101101001100111111110100101111100010101001011101110011001100001111100101111101111010110011101100110100010111101000000100100100000010110001101010010010101100001001010110110111011001100110111111111100000110101001010010010100111001010011100001110010011010110011010001100000101101010101001010000100000011110111000111
01101100000000100100110010101000010101001111000100111111011101000110111011010101011101010001101000000100010111100101110100110001001111010111101100110000011011001011010011110100100111111000110111100010011111100110011101000101100001100100110000001111100011110110011110111100000010111100001000000000100100110001000100010000011111110101100110101010001000101000001011001111110011100011110000100011000000001101001100110100001101111001000001011001011001011001110100001010111100011000100101001010100110111110
01000011001010011011011011011011100110000011110000010110101011111111010101010111000100101110010110010101010000010101001000000000011101011110011110000101101110100110001110010100111010110101110000010100110111001111111011110011011000101000011011011101010001011011000110110110110010100111100011110111010001110011000101111111101101011000010001100101010100101001001000101011101110100000011110000000001001011000101011101000000010110010100101011101011100111010000111010111011101011010111001110011100001111110
00000101110000001000100101111001010100110110000101010111000100110111111010001111011011111011110111010111011110010100101101010101001110110001110000011110010011011001111100110101010011101010001000000011001000110101011010100001010101111100101110011010011011100111111001000001110011001110111111011110011100111010100000001000010110010111110010011101011100100010010101100101100101010100101001110000101100010101110101000000011111111011000111011011010000100010000100101001111011101001100000111011011000101101
11110011000110001010101111000001010100101111100011011011000100011011001101101110110111110010101010010001001110011101001101111101110101101010100101010001101000110010111010001110101010110110101011110001110111001111100110011101111100100011100111011001011010001100010001000001100000000011011100010110101111100110011100101101111111000010000001000101010100100000101000000011110101011100011111101100011110000101111110000011001000101010010111000101000100110110001011010011000001111100101100001000111100000100
11100001000100111011100110110101001100010011001100000111110001010101110000010001100010000100001000010111000101100100001111001001010001101110100011110000001111100100110000101001111111100111010011000010111011101010111010001110111111101101110100011001010000001110000101111110101101001110110000010101010011000010100001101000110000001100001000101010110001000110100011101111011111101100100000011011110101001101010101110011110111110101110010101000100011101100001010110011011010001001110101001110111110000101
10001100101011000000011001001001000001101011101111110111011011111000000010010110011110111111010011011010100110100011101101001011000111111000000000111100100010000011111000100010010100010000010100110101000110101101110011111011110001001001011001001111011100010001001110101101000001100111110100111011000010101001111011010011001100110011100000001100101000111001000100001111011000010111100101011110101100110110100000100100110111110001011011111111000011010011101000010001010111100011011100001110000000000100
01110011010000011000101110111110111010011111010101110110111001101000001110110010011011110001111100111010110000000100001111001101111100110100000100000110000000100001010010101100111110000000011101110100100100011100001100011010110101011100101000111011000100110001010000011001000001010111100010001101000110011111000001001010010001000101111100001010011000011110000011100100001100101010110101111010100001010100010101100101000100001001000100011101110100001111101011111110010101001011111001001100110011110101
01010101110100111110111110101001111000011001111101111110110100101111010110011101101011110010110011111011001111011111100111000111110001011110110100001001111100001101101000110100011001101011101001011011011101101110010010010001010101111001101111001110100011101011011101010000000010011001010011100010000100000010000100110001001010001010100010000100001000100110101111001001000100010001000101011011111011001111000000111101010110110111100101001001100001011000110011111001001100000011011011011111110111000000
01111110010111010010010110010101111100101011000000001001111111101111000100101111000001111101000100101111011101011001100011111101000010100100110001101001111100001011001011000001000010100100001101100111101101000100010000100011000010010010100100011111001001100101111010000100001000110010010010000000000010110011001010010001101001100010011101110111011010100001101110100101110110001100101001111110111111100110100110001001101000001110110000000000011101100000011110101010001011101011010010110111000011101001
10100010100101110010101100010111111001010011010001110001100100110110110111000010011010011000001101001101011000101100000110010001101110101001101110001001100100011111100110010110000010001110101011001100011101000000111110100110111100111110110110110010001000101010000010101010111000111111100010000101100111010000101000101111100111101101011001101000010010100000110000010000111000110111111010110110100000011111100011000010001100101100010101000010111010011011000001001000100111100100110110000011000100100101
