11100011000001000111010110010111001010011001100111000101110001011100010111001011101000110100011101011001101110001111100100110011011001001100010111000110010010011110001101110001101100011101111000101111000111000101000001011010011011001110000111100110001011010010111100011101001101010011100101101111001101110100011101001110011100011011100110110110001110101101001110110011110011100101000101110010011100010111001001101001101000111100010011001001001110001100111100010111010011010011101000111011110010110000
11001100111010110011011011010101110011100101100001110010011100101100101011000100111000101110001010010111001001000101001011100011101011100101110010110100111010011011110100011101001110111000101110001101100101011000101100010001101011100100101110001111100011011110000010110100110101100110110000110100011100011011001100110010011101000111001001110011001110001011100011011100010110010011100110111010110100111001011100001011011000110101110001101101000110010011100100011011011001011000101110000111100010110100
10111000010010111001011001010110101100011101111001111000011101010011010011101101101011100110110100111001110100111010001101001011000111010011000011010011100111100010110001011100111010011100111110011100111001000111011001101010011010011001001100111010010111000101011101001111011100010110100111011011010011011000101100011011000101110011001110100101100110110011011011000101110110110010111010111100001110010100110110001101111100010110010100101001110010010101110001010001010100011100110010110010111001101100
01100110010110010011001110001001111000110100100100110011100100111001001110010111000111101001010101011110011100110110111110011011100011111110010011001100010101010011001011010000111001001110100101001001101010011100010111010011101111100001111000101010010011100010111000101011011001001010010101010001010111001011001010110110010011010011001000111010111000011001100001000110010111000101100010101011001110100011010011011011010111000111100101110010011001000111010011101111000101100101101001011100011100101011
10110011010011010011100101100010110001011100100110001011000101100100110010110010110001111001101001101001110011100010111000111001110010011101011100010111000101100100111010101001010111100111100001111000101101001011000110111000011110001111100011011000101110001011000101101011100111001110001011001001100100111000101100101110000110100110100101011001100110011001110001011000101001101011101001100010110000111001101101010100101110111000111101010101100101101001011001011011000101010011011000101110001011100010
11100100111010110101010101110011011010110001100101001100111100010110001011100010110001101100010110110011000011000101011001101100101110001101001110011100001110011011001001111000011100010100011101001100111000101100110010010011000110111001010011001001110011100011100100110010111000011001110011110000111001101100010110001101000111101110000110011011100101110100110101100111100110100110011110001011001001110010110010110110011110001011001010110010011100111101111001011100110111001010010101101001100010110010
00110010011110001110001101000111011100010000100101011100010100101011100101011100001000111101110001011000101110010011100000110010110010100101111100110101100011011001010110110100011111110111111110010111000111100100110001011110001100011010100111001101110011011000110110000100101010110011100010111010011011110111000101100100100010111000101100111000011100011010001101001101001101100101100011010011100111100101001001110000110001101001100101010110000111000011010001100111001100111010011100101010110001111001
00110000100100101010011001001110010110101001010011001110001011100010110010011001001110001011000101111001001011001101011100011011110011010011001100001000101001110010011001110100011011001111001011001001110011110011011000101100001110010110010011100110100001110110100111011100010110001011010110001010101101100110100110110100111110111110110010111010001000001100110000000101100100110010000011011100011011100111110101001000101101011100011011100110011001101101001010110010110001011101011001001010011100011011
00101010011001111000101100010110010110011011000110111000110110001110100111010001110111100101011100010110010011100011010001110100110011000101001010001011001000000110011011011011001001101010001101001011010001101100101011110000111000100110001010001011001011001011001000011001100000100011011100101100100100010011110100101100110100101100010000001101000010011101011001010000110001101000110110001010001100100011100010110010011101001011000111001101001010100110011100010110001011001010110001000100100100110010
01100101100101100100111001001101010011101011010110111000101110001011100101110100011100010111000101110001011010011000010110110000101100110101100011010011100101110010011011110001011101011110001110011110011110100011100100111001111001011110001101100111001011001011100010110010111010010010110100011010101011000110100011010001011001001101001011010110011110000111100101100010100100100011010010011100011010010111000101100010101110101011011000101001110111100010110001001100101101011101110100110101011101100111
00111110110100111010011100010110000110010101101001110010011001001011001101100101100101101101110111111100000001100010110000000110010101100010111001001110001011100101100111110111000111100000111001011100110110010110110111110100111001010101110101100111010001110001101001110110101011001101101011101000111010001111011010111001001101110000100110101100011011100111001001101010010101001101000111100101010110010010101001101100101100101011100101100010111000111010001101010011101100100110001110101011000110011000
01101001100110110011101101100111011011011011111001100001111000110001111011000011101100000011110000111100011110000111100111010010111011011101010110101101011010100010101011110101110111001101100101101011100101101000111011001010110001011000010100101101001011100101100010100011101110000110001011000110110010101100011011100011101101011001010010010011011010110100111011010101110101001001110001110110001101101001100011010001011010011000011100110001101100110000110110010111100111010110011001100110101100101101
00101100101110001110111011101001111001001111000011101110001011011000110101101010111010110010111000110101100110111100010011100101100010110010101110000110001011001001100011101000110010011101001101000110000111011100001101010100111001011101000111010110100110101101001100010011100101101011011110010011100101100101110100110100110011110000111000101111001110111001110100101100010110010110101001111011000101100010110101011100110001110011100110011001110001110100111001101010011100101110001100001110010101110000
11001011100100110101011100011101001100101101100010111100011011000101010111001011001001101010110000100011011100010110000111100010110001011100011011001011010011100011010010101001100111001001100100110011011001010110010011100101110100111011000111011000101100011100001011110011101011010011010000110000111000101110001101100110110000110001111001101011000111000110110001110110100110111011011000111100110000011010010011000011001101110100110011010011001011100001011001011000110111001001001001011111100100000111
